Time = 1.5
12.49999999999999     |     11.25000000000000     |     1.24999999999999
12.50000000000000     |     11.25000000000000     |     1.25000000000000
12.50000000000000     |     11.25000000000000     |     1.25000000000000
12.50000000000001     |     11.25000000000000     |     1.25000000000001
12.50000000000000     |     11.25000000000000     |     1.25000000000000
12.50000000000000     |     11.25000000000000     |     1.25000000000000

Time = 2.00000000000000
22.49999999999999     |     20.00000000000000     |     2.49999999999999
22.49999999999999     |     20.00000000000000     |     2.49999999999999
22.50000000000000     |     20.00000000000000     |     2.50000000000000
22.50000000000001     |     20.00000000000000     |     2.50000000000001
22.49999999999999     |     20.00000000000000     |     2.49999999999999
22.50000000000001     |     20.00000000000000     |     2.50000000000001

Time = 2.50000000000000
34.99999999999999     |     31.25000000000000     |     3.74999999999999
34.99999999999999     |     31.25000000000000     |     3.74999999999999
35.00000000000000     |     31.25000000000000     |     3.75000000000000
35.00000000000003     |     31.25000000000000     |     3.75000000000003
34.99999999999999     |     31.25000000000000     |     3.74999999999999
35.00000000000001     |     31.25000000000000     |     3.75000000000001

Time = 3.00000000000000
49.99999999999998     |     45.00000000000000     |     4.99999999999998
49.99999999999999     |     45.00000000000000     |     4.99999999999999
49.99999999999999     |     45.00000000000000     |     4.99999999999999
50.00000000000005     |     45.00000000000000     |     5.00000000000005
49.99999999999997     |     45.00000000000000     |     4.99999999999997
50.00000000000001     |     45.00000000000000     |     5.00000000000001

Time = 3.50000000000000
67.49999999999996     |     61.25000000000000     |     6.24999999999996
67.49999999999996     |     61.25000000000000     |     6.24999999999996
67.50000000000001     |     61.25000000000000     |     6.25000000000001
67.50000000000006     |     61.25000000000000     |     6.25000000000006
67.49999999999996     |     61.25000000000000     |     6.24999999999996
67.50000000000003     |     61.25000000000000     |     6.25000000000003

Time = 4.00000000000000
87.49999999999994     |     80.00000000000000     |     7.49999999999994
87.49999999999997     |     80.00000000000000     |     7.49999999999997
87.50000000000000     |     80.00000000000000     |     7.50000000000000
87.50000000000009     |     80.00000000000000     |     7.50000000000009
87.49999999999991     |     80.00000000000000     |     7.49999999999991
87.50000000000007     |     80.00000000000000     |     7.50000000000007

